A1 = [1,3,2;4,0,1]
A2 = [1,3;0,1;5,2]
A1A2 = A1*A2