M1 = [1,2;2,3;6,5]
v1 = [6;4]
M1v1 = M1 * v1